$ANSIBLE_VAULT;1.1;AES256
63646437363336633535386139653164613236636634616466323763623534663564376134663431
3631326166643665396263323734363333653639393230630a313336373139666534656539626336
64643066633035633436326539373364623535663766353763666430363832306138383734316362
3761396465663834390a383266343166383563323862633131326263663562333637316633393261
62306631343933366533346236663163383466353934373337326437623863363764663936333064
38653663616235366632386266353736653539646438343836623365646334323366333962656564
36643034663537386664656334363134333132623231323136383135646636633234316461663333
32396163666563656335663066653662636335363666343733656632626337323333663533393833
61306565323066663562333630653362646262653064333035353536386562623033646336623062
65373039353036663361613862313563303234636133303839386636343930616230323839376665
30396331316433386433343138653836373035616135626266383932366637653438376637376265
39323032336365366338623862383736663163346232653431653464373661623535643830373935
66646264383738613730333235326366653163363866353033306235343132646639396665656138
38353634343832303432666430623964653637666432326461643538396633613964353530323731
62313636623763343563306337616431326634326665316235396433366166353830623533626163
65343734633332383335643336636638383761363862366137366462653233626135346436633239
37303665343534343231636134626364366633393034376562623339313637396262656335653932
33396634346633343663643165666364366431333530363931316236326365636133396662376465
66316165623866343665653733623933326635663330333761393531656462373664363030616337
32323739353832663836343465666432616164366462343937653837656631363530383132656531
35316637383736366537336661373538666337656236363062313435663535636633373137623439
30666638666161303063666330313635323530316534643663316237353732336561643436366238
66356133663036663861323862613666633237616535636539663837656330613139313634306138
35666134633832393330303763326231383565396531353762653731313864333039663233366537
33656161346538643866386633633433393637323633353537396364643963643037633236653739
66306330663863303562363363303265663663366430383736363866326431626264383937336434
64623930626662323162336132336138303637613230646165653063333262663736323133666561
38373938323738313336386565613539666466303566326636336166353639636531353838383230
30613063383333353838396663323930303732343631373638646466333866633664666664633463
61313834306439633265363138313665323733643565373339626139623162393562336233663465
66373666386230653831373634373832393963363164626336346133313663383065646238343561
36356139663135613530656466303430633330653434633739366363353465373635623830326563
37336335636566616461353365656630623532343534613737376335613338336335383637633535
63636334376132393065656165633834353732336138643535663139353833656662656632376564
34313238633465633266333061616633343733356634373030623834366335383434363236316337
32313439313335313133373765623937646363663362343237613731333064653035366637313064
65316461306330653535393435626433393832373566616137393865336262323863363563663765
35633536306639383633633432626334613935333331663533626166306136653962366235663337
38393830626636396230383863383135313736313738323432613539313734646464383363643336
62313437303662313033356534623664393534623634643138366531303939613834616661343331
63616531316662323539663636313039373636653566633935373563326438656362356330303437
38313664636463633262313037356263333335303537386439383837303866653034613061343562
30326665356265343735643965646464363531626131336331323234636639333739353564613539
66383634666365646232646364386231336538383331363438663638313531336535356562336663
31623661393136343266336235643063633364386534363536376666616535663266623364373861
63376163646537336634373163633139623636633533333962376666383763663839336566396631
31373431303532613939313362313764346435383336646538373336313436376631346666663939
66316434636165636434646436326161643734323833363865366265343266666234326162643232
30633765363765326332386262643237653137346637356462343061323330343031613465353134
31353738653534386264323930383734633462616432393031303032303231663132623566306436
65333865356239343262313765323239373963633231646135303866363461303165393566373139
34393934353338343762323265346363326137633935346665383437643931306434323063396166
65643463313066323537653266316634626535363165386134333234636230313063313932386563
30393138626233383962623031643639346433366231646463323333613238323137333762303633
66393030363064316263393266393563343463656164303765326239653139386233643430393930
32656263383939653164653266613932336163336536323534363062623465346139663131333033
64393934323465376335363063396631303238323535613566353766663236616463333862353666
34663837333161666663353139393534366463383238386464363130303465636236643633663530
37353539333964313738336437663934356465396438386566366431383435396236663538353262
38333261373965373633633138653833633734623162663464343436326338613861396530306538
38333863613739626637633165653261613431653337376234613630303832393761656463313233
34316230613836656634383635353466323366356565393836313434666134326265333833616639
66656231326664343431663833376439343536646435353933343633643339656263383465393336
63326537616431306164393730343466663232363531636435666130633764613765623732333831
37613136303033613333323261656261613339613962333437613534366565336266653730353637
61393431316262643433323633393434346463396632663666633133393635376237613530646266
66303963656363323066613931396538376630323139643265326439373731616431376436623833
32336562346162646666393537333436303939646437393936313963633761353937643764303263
37316462386133393265363131313966353233356237333063633630313536623132373037376335
39353762303332326564336363313362383365376365393635373233343161343135323433393666
30346430323839396339353665363736666266643064396361646630376131393062376334656631
62643936646534626133303031623733653835653532343864663937616136643338333765373032
61346434333562353762326335373166343637343238383230376232613733343936646361313432
61393862366135363232643037616632363363626439613262643163613962326562663765323334
65356566323230323530646139663033393664346338303237646364396336626233323232636338
36396565346630316466613863343233306639616138393932326566363436653166626337376463
64336435633136623037356164616532663261666663643639303761613162623763323437333834
64633162623738366136366466363732373336353033316136663461356438386433306662373264
35306531396137343965633638356163303664323261373234306464343162356431313539643238
30386637326165666135323265303136386336613963323963323637663862363766376434613439
37333330646664386135656461383530356532636435343033626565623533383261366633663764
61373432326238353431613739333633653163663836336339643364666462393766346536343536
36353562313138366164326162393563653530643965396333633866666365313466303566383834
65343830303235336635626665343662623631313061623531636663653335323632653830383436
37323138646430373864653432336134386265633136613762646661626530393332623364386332
32336537643634386464333865613735346564323139366233336163353238383836356265636136
66373163653666346339376133633537323066373936386564353237623962356438343639386133
31366163303339653266
