$ANSIBLE_VAULT;1.1;AES256
62626339323234383165313561366230303531623264366562383062303034306435393430643665
6663393031303934366462376232396638346463316434360a356463326631353937313435636336
38666433646163376434643733326465353261333962303136303832613232346330613536396236
6138343839323930620a656336346263663634393238643561643730353264343631656636386539
63383437313965323736663736616365643365633939653436356638353164376435383237373833
33303663303330633662313136626532323632386339666462363036646264633063313536383232
62663831306233666337396463343964393030643137633334653339393033326233383564313961
64326530393761343134326139373735623962393664616465353130653162303763316561396562
30316334336131623735366661366261326337366634626532353732383136393731363331386430
36353636323331343839343531373939336233663932333834363635303065316636373766613837
37396239353735353038613561363135633835356236303937653539363136373236303431646137
66316235393138386437396534633233666665633332313266353134396632666666616366643234
39656239653462306565346565323436343034656465336536363033633766386332666663653038
63623032336238616239343835666538373631616561623462633831363033623634373532343233
34656531613062326133393364653932303033383932363162393766373066363961383763653532
63376165383335653162316533646632386131663439346266663339393231343630343466306633
30326535666238613831643630363863663233613831363633313034396439376664343461633737
64393233386237373336343137643233353333333730623966336564646263633332306339303030
31353732396537353865663432653432623965366332316236306236666531306566323134323861
62626632343939623265656333383261623832653832666666313338633230636138653566306339
34373736336530623061353933366163613166316362646631393666616166323931386335303138
33653266353366353038393264313764306332363138353464663063376562643734393336393763
34343131393462646337376533363135306363356463313833386163323834663834616235613533
36613735333462613065346537646333666238646561663632353137643162323962376332353566
64666338383463626331333436643233393761643031323334656238666131326436346635333862
37396463383966343331653063396139663631343837373939613235616137306135383564646462
65643739646166303233373266376332323134393762343431663236626361343039616532356536
37613935353937303463636632643133623361363137363762313762643365316665333336626333
39333065396430363433303665343831343638326333313966363330396336656466353438376330
62393531646662333665383665623630643437363866373337326565663136396234633235306161
62356365363061353834613362386331353537626436353833396664633432376363623631626432
35316630616433373161643761643836666161393030303563666339653965363762366665393836
37633630336666643761353965393539316238353439623565396639326165623634376161666435
33326263623734396235656362333965353565366139383535313333343136656166306536316563
37623361346365316138643136346530303234663565333336343037303463396130353132393537
66666534636332303364623533303761373630663832306639383362323932373132323038373063
66666437636433663933376662303237636336323463666565386162376633353831396163636134
31633532313362636164313235343930376234366164613164363864633566316633313164356338
63653763616133633363653638636361333964393631323630316136643465306566306437333538
31326131326130646466376433376539346131646538386462363031623437303039613364323938
62316133626164373664393339616636323538613436393466393233633633663966643934376238
64313063653739303730306363363333373030623836613261663836653662316663616335653865
37333039363764343038623238396337633033343130393766656239316566663633356230323636
30383462393030636231366536616536363264636664333832623439303534623034353339376234
63396366356530653830396164306335343634663764646232633135326264363837363835336435
37623737623339646530643762306533643063613362373036633161386131393135343039323365
37363236373533316238366132353766323138643136626432336335366538346466356638346135
65616638366263393064343532393965633265613730333362633434303361633865363865363833
36373562363534646436303765353433343361666632396466326164313536633164623439646661
39623939636534636236356162373661393865656336626463396136616231353664346434303638
63353862656364353639383764303832356661666562613766623738333562333466643539373262
62646530306565326665333764306564343765386334303431666636653836613535343666616235
34643631613633633632343337313138353534623730356461656262643431316235323337326636
30633566653035303833393564333432386131626662336430633631376135393430306436363235
31306632633961653233626162303163373862316366643264326231616133666336393864333862
37643337373032653239313863396462646533656332343930393138613565336265383636616665
31316262363130323239383037313339623830353438353037653839646362356438613939386362
34306236663161393466393066633130383439663339383633323934316361303439663132386137
38663039356233313863636163306531616231313935646261346564623633666437333961393863
65313434633666653136323034313333653433323265303137366337626331383064646430386665
63366264336434383132633633346662616430643664613031393431376633656166303664343463
66376230333531613338323839663133343730643263323130363331646234663963656535373865
62366663356534313366373533636634393964383830666134356163353030663931353566666263
37363631613239363234636663326361643163643166306536353336633633343039626265626634
34336563663262346530323366666162396433383261303733343738363137663132636565366638
38663631333166313532343438323666656632346637383739643262353934336233343535343162
32383962616137366564633563646332306565353564343735643662356535393965373763306637
39383737353161646430626331643233643465306465373938306137306331313562623730363337
33623561383239623065303464616565646138646163363236373634656338646165646439376438
32316664383263663831303537633430316431316532646463623536323065623338623666313336
61636230316435363733313461663638343362303638656463323238633366366333373930396466
62626665663263383864353632356462306534326532333663393730343738626232396366643732
38383663366231666133323830323731653031306639666361643738313732656339616439306536
65383330353235333761336230326437303430643832626433376438386437633165663164663137
32643634396439313531393038346365363761623465376464373234643833333466303065323064
61656132326437616137393332626533646464316331303532313531356562653466386237316431
32373136343037316665656366316630633530393835646434386437623730366539356661633534
65663630313436396663333264663636663662366464303336333663303835363664323634653834
38636264373737626630373663333764613237643436316161303433633737326539356234346236
62663238356566626562626639366538373162613731653235393232333261386464343032623266
61346535353565346630326534663239383338316233326236313632383032336564396262666230
63313331336434353361626339616562363565636663393338643132663636393032313862643639
38306664616639653138663563353263306234623361353230333166376266356530336535663938
39663835316466623365326630663036626132613031323961303565303436303130393037376433
32656663326461326465616663653331373262643235346236396565366239643765643730643932
64366237343365643536353332616165303464336562626433613166616630616433623064363234
62653333396662653664316139343632313063636130386235636537643034666635633130653166
62326364623664316261643730613333323939313361643465333138663236306635383038353564
39396462393935623964643737613436343331306161633735376334663635336363646261663132
34373935346636323963366139393635306532306561376263326637373939333762353064336362
34323165303961336165613538313061376162363037346139663833333264363131383438323462
36633965616164363365623832373737663864353065653238393766626437336236646265613962
32633939343136646361333735386435313566373261666136666435623462653432653838633133
66326139386430306331353166366138303466363532626461333837343961623565306239356538
35333236626233366661326531386466663965356533373235363566633432633430366365396562
36383333326462646136653138383430353063626631323962643031343937353863326139366133
30633238333830313437353838313338306135393436336137623363383830626337333765363434
61646234383262386332663663336262386562646134383030373239656330633736613435333364
31636535643732306436643632646430643761303732383662373362393132346562336365343730
39333665353139666633613937663436613234616333613161373539616261376236316565346639
39303831386232306661653139633238333432313237626263373134373662356230303131656661
34663335333838363730373666363137366663316662646132306635663533646331306130396535
31383232306330396361633532633835393766343364323030663231623362353335663365393765
31623836356138346166373136623332636537643065303263633164313965343164633835346239
34333130346531386239393237366238343535363061646662333035326332386232383139313436
34373135373661363830316534623037326430386134306232353363666632316261613433373466
63333066353638356532633564663366643165343236666135356331613638636637353235353334
63666236646135383062333738373938626130343832343364303362306638366630346230373063
61383433346131346165653934663463623163343863323463393235336332613663633237343439
35323433626635646530626634663738386239616236336434613662323132623636616161326330
66313039316134373039613963303836613861646465333161323833303662393730363938313538
31336630613336653438323933343538383664363231326639316336633462613261373538666263
36666430353537313136326530373034303635313532613834393136656137316265316631396538
63323763343235663534303765366262306239316662653830373239303633643538313633623438
33366133356438656239653939623332323139363536383834373338636436316435303333383636
35306530366331666664663936363937313835393862646638343834303937336438336666323761
30646535323238346139353763306438343137333339393931363466663334313361363065386533
30643163363130333636396335333631303661663537346263303862663830313530303361373433
32633036306635386265626264376135316165643965363731353039623438393938356530303631
36383835346664616433363966653461663362303933636562653763343363353430633237366238
31313766326362626531623336393438373661333261336436666130336462643438353639333633
32656265366231356337623062383731646234366364383164646237396461356261346134353837
30353366303631393633376534623236303631323061346432303332373038616437626334353131
34323733306232346138323434666231323333316163623037393231626465346239393064303833
37376537396639663236306363656163666335343636633331373438333765396164306461356530
62363333633733373831656637623936616431616431323661666638326233313333663831613832
31353963616133393330373962323861386236613165393965396466376165323138356465653663
37656639356435303336363638366263626636623731346164363661613537313038623834393264
65376132386139373136303737346132646335613762336238313338616335326632653462376337
66623836373434336236613136313637363566373933633164326662366337666432396263383066
64626265363331353961613637313234356139626234306330343964343162663637643235366136
34663038666338643937303438336235383232643630376134346636613363633162336539386364
35336235303238653339646463346431633731383731363965366535316264653539343534616261
6462643639366662303064353231386164626130316139336561
